1.003956536389137622e+00 4.601014133613026517e-03 -2.262675912882305788e-03 -6.399535078308605726e-03 1.001138944885846316e+00 -1.196886587805255121e-02 -6.189974142247277322e-03 1.244439895796039391e-02 9.988321279887574233e-01 1.074082609826634060e+00 -7.034368524876639661e-01 -2.477412736370121493e-01
1.003043698080498203e+00 3.619483242949978440e-03 -1.726157440456103746e-03 -3.611800596303963752e-03 1.002511797363917267e+00 -1.366835023468990565e-02 -1.980484317946149680e-03 1.602347580299025645e-02 1.001257378739294435e+00 -1.280562206797418501e+00 -4.037125395944951567e-01 6.609695224936922298e-01
1.004132685072325781e+00 3.202896990227224652e-03 -1.926274567349111656e-03 -3.261012378419080125e-03 1.002850171265551982e+00 -1.890158948730787103e-02 4.512580352869000923e-03 1.692644076422063562e-02 1.001512204892389457e+00 4.186368378466341911e-01 -1.235761695437096019e+00 6.681376988104467118e-01
1.000510495013849477e+00 2.986636879891088354e-03 -3.561725488924784300e-04 -4.991893681153043542e-03 9.996642962358056606e-01 -1.707311847729836921e-02 -4.868548458048634064e-03 1.673127490619433569e-02 9.993889702179927781e-01 -8.600565436365928962e-01 -3.311108206425690259e-01 2.785888988465075669e-02
1.003793392172489529e+00 6.943873009251678996e-03 3.635650473142260867e-03 -6.433054547617462343e-03 9.997302090375692618e-01 -1.208734496216202006e-02 2.818814485368293949e-03 1.323438643115655393e-02 9.992535936119609774e-01 7.561671219330762250e-01 -1.927598785139085225e+00 -5.365458082004982004e-02
1.003932586343037947e+00 2.986096197735565484e-03 3.129052779614728899e-03 -6.193241162464762500e-03 9.991532880696643026e-01 -1.097540651162424476e-02 2.874210339434983032e-03 1.033807272314474397e-02 9.967606889828085626e-01 -8.812242279384957522e-02 1.412559456657557222e-01 -9.070018380549277337e-02
1.000232916524822269e+00 5.930003254120354630e-03 2.760793018434536984e-03 -6.937900253144667004e-03 1.000309433784174251e+00 -1.331098692418515757e-02 -1.071503371648656637e-03 1.322209837888125607e-02 1.004406905271878259e+00 -6.682369232316788255e-01 -2.544150512910107187e-01 3.415474190420356715e-01
1.002731122752303028e+00 9.165565883988469748e-03 3.078394932417960039e-03 -1.011996418906804460e-02 1.000982497791084391e+00 -1.314560980921552179e-02 -6.266474705756614784e-04 1.272435537312336176e-02 1.002720993710065178e+00 7.305704538098075629e-01 1.972367192436998151e-01 -7.706011872770218707e-02
1.002666277010575646e+00 5.763945659857111145e-03 1.869067019868656280e-03 -5.472167052444118496e-03 9.999624669833000468e-01 -1.288020230327699758e-02 -5.164577994817929479e-05 1.253923471218566094e-02 9.986904404800707180e-01 1.165771350160723085e-01 -1.127814726363040476e+00 5.679672581906001216e-01
1.001871503224207371e+00 8.512554838159425846e-03 -1.570627304095270627e-02 -1.057493109562375119e-02 1.001961382059659789e+00 -8.152911936601408074e-03 1.355677079049594919e-02 7.944817494540793584e-03 9.984517635834949667e-01 -4.290179825047358286e-01 -8.905262985172003320e-01 -1.750708303839448310e-01
1.002237028386687712e+00 9.976096203507043084e-03 1.190917180516851484e-02 -1.034833006187138756e-02 1.002084645783402062e+00 -1.883921095751345254e-02 -1.888660622979812173e-03 1.849910434645631735e-02 1.001649414381552639e+00 3.034233256710699295e-02 -1.800521054863270243e-01 8.840205697163883158e-02
1.003492891048150204e+00 6.708143771236892670e-03 1.365592157766982312e-03 -8.368367185597774816e-03 9.996937449442384604e-01 -1.267276415327272220e-02 6.345735286640552791e-04 1.276663349033511918e-02 9.998962569320846150e-01 -1.352305007846934304e+00 -3.523540705332243173e-01 -2.286133012383423091e-01
1.003018108976485134e+00 1.101842334160172895e-02 6.185105886764958108e-03 -1.289850051436028378e-02 1.001932456772665292e+00 -1.215306493350077136e-02 6.092740817141492626e-04 1.079040431962642599e-02 1.001959548877421557e+00 -4.663664197756032803e-01 -3.814204778054745559e-01 3.860519914855602142e-02
1.004320546397736491e+00 4.154423206240286971e-03 6.220054938390450882e-04 -7.022711686408536838e-03 9.993904499122804319e-01 -1.196823696207809616e-02 4.492957029488483817e-04 1.177219273957094171e-02 9.996231864636778708e-01 -1.190608788358002990e+00 -8.751108495700774537e-01 -2.111523492937733837e-01
1.001450788942469750e+00 5.055638362846299333e-03 2.534450746908603700e-03 -4.461598187123915100e-03 1.002258157317353016e+00 -1.256706798179830532e-02 -8.128483600879754089e-04 1.245571372178072567e-02 1.002124465401512010e+00 2.277887364794449088e+00 -1.174706691750146303e+00 1.978307223957795069e-01
1.002966714076994004e+00 4.695164946634819078e-03 1.947680080715119728e-03 -5.402755941382498400e-03 1.001063913424074636e+00 -1.104496492932444639e-02 2.474449450073847208e-03 1.117914154529690320e-02 1.002842688071583721e+00 -9.335489743381136796e-01 -1.007986679376667416e+00 -6.064070265650507441e-01
