9.994038945882646185e-01 4.909034173460913655e-03 -7.360213532039352894e-04 -4.943242447864423100e-03 9.985530888602373034e-01 -1.047931860638803662e-02 -2.653481157264418137e-03 1.083339418571062016e-02 1.001274667552485731e+00 1.079903768682166643e-01 1.650149580114260994e-01 1.039602619503939424e-01
9.993281009911406665e-01 3.259957127726621773e-03 -7.607546296525531746e-04 -3.266635154510416118e-03 9.984302669073286118e-01 -9.806512244171942949e-03 -1.717674198415586675e-03 1.253372983948480845e-02 1.000721198587414262e+00 9.647535541599573661e-02 6.256575288404579716e-02 6.257420941456125207e-02
9.997623896246418118e-01 2.988527358157252057e-03 -3.076628078482969778e-03 -3.126778790218267320e-03 9.975701144155053601e-01 -2.049164780199473276e-02 3.970666643373223052e-03 1.842459555877003913e-02 1.002245752046131200e+00 -2.419919233650967560e-01 1.146859956106941955e-02 6.316814159425894470e-02
1.000661495929439759e+00 3.603116571272638961e-03 7.939861361127883554e-04 -3.707494740193213994e-03 9.994177677937355897e-01 -1.679303417699910470e-02 -2.582494383425531191e-03 1.683351539123427790e-02 1.003507716783517356e+00 8.712199158902497742e-02 -3.329547275195778033e-02 -1.940434202305208744e-01
9.984493112090275790e-01 5.879638537497093240e-03 2.122821413221434063e-03 -6.019463060541991629e-03 9.991377028697931983e-01 -1.017973561830027261e-02 -5.639554061593958197e-04 1.133211855617288939e-02 9.978310561114029920e-01 1.554689573467521457e-01 7.462390892336516479e-02 -1.755269395239448527e-01
9.997264538933493538e-01 4.728164339821532870e-03 1.166868072797638736e-03 -4.751985948315011823e-03 9.991295163415599978e-01 -1.162545018781209819e-02 -1.555029186213253999e-04 1.131270228968488112e-02 9.986010884947000843e-01 2.994184255724713362e-01 8.807492475357238046e-03 -2.003463781202086402e-01
1.000698613264623393e+00 5.775422847815080835e-03 2.557527951918260340e-03 -5.790804878854746013e-03 9.987301729011555107e-01 -1.213452223604115018e-02 -2.336336526110491165e-03 1.229043240777040469e-02 1.001874600557911776e+00 1.730525181430881410e-01 3.105749535940506567e-02 1.009892242279285396e-01
9.990204002347424783e-01 8.665516792812888100e-03 2.101888529031030895e-03 -8.829992354492674847e-03 9.997878827890608333e-01 -1.287471318307883972e-02 -2.117900161419075406e-03 1.266101439089436197e-02 9.996556311926269034e-01 -1.112298031607511332e-02 4.920786628243350308e-02 7.178945575833008130e-02
9.994329646471827866e-01 4.947166113395889270e-03 1.230221129515031171e-03 -5.068267886815084472e-03 9.998560533345303147e-01 -1.273962818808584835e-02 -1.233364477002220089e-03 1.244488277773105230e-02 1.000709640897172736e+00 5.969377540886874195e-02 -1.097965415331113304e-02 -1.755100051119317939e-01
9.999970400891117217e-01 9.209245012548297055e-03 -1.541501188586975879e-02 -9.121620005995034752e-03 9.998312522154886306e-01 -7.263127438283922474e-03 1.397937910188061690e-02 7.444552966038122006e-03 1.000772500232381956e+00 1.053312623900727885e-01 6.627648204258193565e-02 -2.443577042636186844e-03
1.000096782877490709e+00 9.699626954126145534e-03 8.829076820381535212e-03 -9.441270201615144589e-03 9.989460039588540230e-01 -1.843381423876952821e-02 -6.205926627353052817e-03 1.806040477305688452e-02 1.000902839232527652e+00 4.101867228083669326e-02 1.901514924816183894e-01 1.095715264719355000e-02
9.990150686465193441e-01 7.020918694822532967e-03 1.108707092211801571e-03 -7.110668655827100636e-03 9.999688952148987342e-01 -1.165106094693212947e-02 -8.460213061469397996e-04 1.238548888795035913e-02 1.000339739315148302e+00 6.058110190749972646e-02 6.088027378792153915e-02 -2.569595444360114542e-02
9.998501431604538414e-01 1.120563415545669690e-02 4.057499359268391947e-03 -1.122695861510740294e-02 9.976116863006619928e-01 -1.232306454250819971e-02 -2.754681134552528117e-03 1.122516752342451671e-02 1.000002055683868241e+00 9.553232630127478364e-02 8.923331016910181213e-02 1.771738996264880517e-01
1.000580386440595104e+00 4.883647190296324346e-03 3.451153204188215262e-04 -5.014598939446788042e-03 9.984877468431178071e-01 -1.175317993364137677e-02 -7.095947612949625319e-04 1.161413368565350143e-02 1.001189497489941571e+00 1.235515891845779674e-01 1.817686524178734886e-01 -2.639099079239483614e-01
9.989705735816768462e-01 4.065283239342298849e-03 1.732322355145926238e-03 -4.086248931786226959e-03 9.992949267134539904e-01 -1.304636097836908877e-02 -1.317541837596832802e-03 1.257665832941671363e-02 1.000637985842721012e+00 3.652029620969121648e-02 4.583404167724167144e-02 1.179875177976560420e-02
1.000064943276766760e+00 4.644201653288531489e-03 5.250822847995263677e-04 -4.756062554513725005e-03 9.980970564803754996e-01 -1.067329790059569697e-02 2.896301357847943549e-04 1.086432562814020585e-02 9.989511353760357482e-01 1.458301947953970779e-01 3.397151761926644337e-02 9.164110220875185120e-02
