1.003956536389141174e+00 4.601014133612808810e-03 -2.262675912882021294e-03 -6.399535078308618737e-03 1.001138944885846982e+00 -1.196886587805227192e-02 -6.189974142247438652e-03 1.244439895796030371e-02 9.988321279887488746e-01 1.075855033420839879e+00 -7.082267878993587784e-01 -2.628418574705606026e-01
1.003043698080501089e+00 3.619483242950109845e-03 -1.726157440456492541e-03 -3.611800596303817602e-03 1.002511797363921264e+00 -1.366835023468994034e-02 -1.980484317946049934e-03 1.602347580299029808e-02 1.001257378739284221e+00 -1.286828265544732286e+00 -4.090348147351316466e-01 6.584291541563955796e-01
1.004132685072330666e+00 3.202896990227167839e-03 -1.926274567349101465e-03 -3.261012378419094002e-03 1.002850171265555312e+00 -1.890158948730784327e-02 4.512580352869156181e-03 1.692644076422060093e-02 1.001512204892386571e+00 4.153559033513621879e-01 -1.252939652559557526e+00 6.509308946796583673e-01
1.000510495013847478e+00 2.986636879891103533e-03 -3.561725488925734603e-04 -4.991893681153063492e-03 9.996642962358053275e-01 -1.707311847729841431e-02 -4.868548458048551665e-03 1.673127490619430099e-02 9.993889702179888923e-01 -8.614835386562589292e-01 -3.276461930881927054e-01 2.591591083452059532e-02
1.003793392172493304e+00 6.943873009251757059e-03 3.635650473142251760e-03 -6.433054547617795410e-03 9.997302090375714823e-01 -1.208734496216193853e-02 2.818814485368314332e-03 1.323438643115662158e-02 9.992535936119577578e-01 7.453938464777990491e-01 -1.931134106567199193e+00 -7.700240391480514535e-02
1.003932586343040390e+00 2.986096197735630536e-03 3.129052779614799155e-03 -6.193241162464786786e-03 9.991532880696610830e-01 -1.097540651162426904e-02 2.874210339435011221e-03 1.033807272314473530e-02 9.967606889828068972e-01 -8.870687476613357825e-02 1.430116479913720873e-01 -8.994249249090757736e-02
1.000232916524818938e+00 5.930003254120221057e-03 2.760793018434645838e-03 -6.937900253144887314e-03 1.000309433784170920e+00 -1.331098692418498756e-02 -1.071503371648831844e-03 1.322209837888148679e-02 1.004406905271881367e+00 -6.688632658359411343e-01 -2.542982720291647181e-01 3.406252629845102908e-01
1.002731122752308357e+00 9.165565883988431584e-03 3.078394932417945727e-03 -1.011996418906808103e-02 1.000982497791080617e+00 -1.314560980921558771e-02 -6.266474705757783554e-04 1.272435537312314319e-02 1.002720993710064512e+00 7.343584899107373776e-01 1.910912023400132831e-01 -7.490386057799550135e-02
1.002666277010575202e+00 5.763945659857079053e-03 1.869067019868667122e-03 -5.472167052444289366e-03 9.999624669833002688e-01 -1.288020230327702707e-02 -5.164577994820305237e-05 1.253923471218565400e-02 9.986904404800652779e-01 1.115391482458409911e-01 -1.135389907144500166e+00 5.534259234089875523e-01
1.001871503224208260e+00 8.512554838159474419e-03 -1.570627304095293872e-02 -1.057493109562382579e-02 1.001961382059653349e+00 -8.152911936601423687e-03 1.355677079049560571e-02 7.944817494541064201e-03 9.984517635834941895e-01 -4.344106158560585018e-01 -8.861398920842410432e-01 -1.875140380183700217e-01
1.002237028386696149e+00 9.976096203507188800e-03 1.190917180516875597e-02 -1.034833006187152633e-02 1.002084645783402062e+00 -1.883921095751366417e-02 -1.888660622979873322e-03 1.849910434645635898e-02 1.001649414381558190e+00 3.007213231654378566e-02 -1.825015188266927713e-01 8.574927197192980244e-02
1.003492891048147539e+00 6.708143771237153746e-03 1.365592157766853942e-03 -8.368367185597833796e-03 9.996937449442339085e-01 -1.267276415327280720e-02 6.345735286640261140e-04 1.276663349033531000e-02 9.998962569320937188e-01 -1.359598902243612351e+00 -3.381346194108639791e-01 -2.338420988287004398e-01
1.003018108976487133e+00 1.101842334160155722e-02 6.185105886765085610e-03 -1.289850051436023173e-02 1.001932456772660629e+00 -1.215306493350068809e-02 6.092740817140942936e-04 1.079040431962639650e-02 1.001959548877417561e+00 -4.710290214043232337e-01 -3.767980585671151794e-01 3.489668320522416184e-02
1.004320546397738045e+00 4.154423206240300849e-03 6.220054938390485576e-04 -7.022711686408495205e-03 9.993904499122792107e-01 -1.196823696207813086e-02 4.492957029488253966e-04 1.177219273957087753e-02 9.996231864636681008e-01 -1.199452813878949531e+00 -8.638016695330191785e-01 -2.218880739574241867e-01
1.001450788942468417e+00 5.055638362846341834e-03 2.534450746908668752e-03 -4.461598187123729485e-03 1.002258157317356790e+00 -1.256706798179841635e-02 -8.128483600877872998e-04 1.245571372178076557e-02 1.002124465401512676e+00 2.275481510573473809e+00 -1.189803723427446780e+00 1.812234566447278039e-01
1.002966714077000887e+00 4.695164946634858977e-03 1.947680080715062699e-03 -5.402755941382393449e-03 1.001063913424075080e+00 -1.104496492932431281e-02 2.474449450073989022e-03 1.117914154529704371e-02 1.002842688071583277e+00 -9.423232258796225835e-01 -9.973198556142740534e-01 -6.218629264421134950e-01
